15 ((  ( 15) ) )
66 ( ( 95 )  -  (  (29) )  )
45 ( 45 )
88 88
72 (72  )
18 18
47 (47 )
140 (  (  78  ) +  62  )
150 ( 95)-  40+ (  67  ) +  28
15 (15)
1810 55 * (  ( 59 )  + 64  /32)-  71 /19/ 25- (  70 )-  59* 25
4294967281 27 -  42
38 38
26 26
85 85
29 29
34 ((  (34  ) )  )
28 25 + ( 54 ) /  ( (  18 ) )
72 (  72 )
248 87 +  ( 47 + ( 82  ) +( (  (41/  45) +84 )  )  -93+  41  )
70 70
29 55-  (  (  (  (  (37-  11)) ) )  )
1 ( 79  ) /( 48  )
74 (( (  ( (  74 ) )) ) )
4294967290 (  15+ 64- (  85))
24 ((( 24)  ))
9 13 -  86/  18
99 99
16 (  ((( (16 )) )  ) )
75 75
55963 74+ (9-69  * (  ( 80)) *  (66 + 96  ))/(  (44 ) -(  60 ))
54 (  54 )
15 15
54 54
76 76
21 21
58 58
37 ( 37  )
39 32 +  7
57 ( 57 )
70 (70  )
4294967289 (  ( ( 66 )  +  49)  )  / ( (( 63  )  ) -  79  )
70 ((  70  ) )
2451 ( ( 45  *  54+ (90  -  81 )  -30/68+(78  )-  39+(0) *  88 ) -27)+ ((((( 15/66 ) )))  )
4294371316 ( (21+ 4 -(  ( 92) )* (((  ( 65)  ) )  )- 65  ) * 99  )
2 (( (  ( (  (  95 ))  ))) )/ (  (  45  ) )
56 (  56  )
0 ( (16 / ( 35  )))
50 (50 )
15 61 -  46
2 (  98/  45)
9 (9)
90 90 +99/ (  ( ( (  ( 2 )  ) - (72 *  ( 69)  )) ) )  - 18 /( ( ( 14  /51))-  45  )
32 (  (  32) )
23 (  23 )
5 5
69 (69)
5658 ( ( (( 82  ))*  69)  )
27 27
123 ( (  11+  (81  ) + (  31  )  ) )
44 44
1480 ( ( 40  ) ) *37
91 91
18 18
119 70 + 49
15 (85 /80+ 14  )
62 62
67 (67  )
66 66
70 70
3724 (38*( 98 ))
36 36
83 83
27 ( 27)
25 25
166 83 +(83  )
15 ((( (  15 ))  ))
52 (52  )
48 (  48  )
89 (( 89 )  )
50 50
72 72
187 ( (  (16  +  ( ( 42 ) +92 +  37  ) ) ))
118 33 *(  ( 86  ) )  /24
32 32
90 ( 90 )+(  3 -  30 )/42 /  3
2 2
60 60
89 ((  89)  )
4196 (  99*43  +(33)  - 13  )  -( (( 70+(  (( 11 )  )  ) )))
79 (  79 )
50 (  ( 50 ) )
5 79  /  ( 15  )
51 51
39 39
0 ((( (  (( ( 79 )  ) )/( 68 )+ (57))) ) ) /65
37 37
58 ( (  (( 58 ))  ) )
33 33
66 ( 66  )
4 (  43  / 9)
5 (  5  )
6789 ( (  (  21 )  )+  ( 72  *  ( 94 )) )
53 53
81 81
0 71 /  (( ( ((  61  * 56 + ( ( 12)  )  )  ) ) / ( 48  )  * 59/  76+(  (76  ) )) )
98 (  97 )  + 84  /46
10422505 ( ((( (74 ))) ) /  15 )-45 - ((  96 )  )  +  (  81 * 51)  *29  *  87  - 7 +41+ ( 95 )
390 (5 * ( 78 ))
82 82
54 54
42240 32 *10 *(  94+  38  )
70 70
98 ( (65  )  +33 )
77 77
4294967233 82-60- 84/  ( 80 )*(  85 )
4104 ((  (( 76  ))*  ( 54) ) )
43 43
40 40
54 54
75 75
102 46 +( ( ( 56  )) )
0 0*  (  99 + ((  (  11  )  )  ))
55 55
306570 (  (  (  (  12  *  21  )  *  (  (  (41)  )  * (( ( (  29)  )  )  )  )  )+  78* (89  )  ) )
49 ((  49 ))
64 ( 64  )
104 95  +((84 )) /  87/33+  9  + 50/(  (22)- ( 21 ) )  /91/ 80
76 (76)
4294611548 ( ( 39  ) *  (( (  ( 21 ) / ( 32  )+  44 - ( 23 )))  -  (  22) ) -( ( 45)) *  87  *91)-(  ( 94)  -  38-(9* (  (  (  68))  ) ))
59 (59)
70 70
3080 ( 35  * 88  )
0 30  /48
91 91
102 ( 18) +84
80 44  + 36
5226 (( 78) ) *67
66 ( ( 66)  )
4294967295 ( 74 /(6 -(  (59 )  ) )  )
4271716720 89  +90*  (  97/83  +  89 + 1  *(  39 + 26  ))-  85  * ( 79* (  63  * ((  55  )  )  ) )+ (10 +75 * ((  38 ))  )
27 27
9 9
1988 36 * ( 59  )- (  21  )/( (  ((  ((38 +((  ( 23))  *(  21 ) +59)) ) )+  71 )  ))  + 86/78  -  (42 ) - 95
0 51  /  ( ( 21)*  ( (  (74 )  )  ) )
2 ((  2 ))
7 7
511 (  73  *  7 -  (( 9 /(63  ))  ))
16 16
56 56
38 (  38 )
2 ( ( 71 )  ) /  27
1 1
4294967269 (  ( (  31 )-58 ) )
0 27 / (29  -(39)  * ( (  92- 39 )  ))
89 (49/ (43 ) - 8  + (96 )  )
4294822449 17  * ( 51 )-( (41  ))  *  ( ( (63  ) ) - 88  / 71  +(92+85 *40 ) )  - ((( 78)/ 81 ) )
98 (  98)
13 ((13)  )
2640 80*  33
78 78
13 13
1257 22  *(  60  )- ( 63  )
55 ( 5  *  11  )
40 (  (40 ))
12 (  (11  )+ 23 /12)
53 53
38 38
32 (33+( (  60 ) )+(70  )  +  54)/( ((  75  - (  72 -94  *  1  - ((  84 ) )))  )  ) -  33/58  *  ( (((48  ) )  ) / 65  )  +  31
76 ( (  (  (  76)) ) )
4294967229 (6  - 73)
2625675134 ( (  65 * 27  * (  81-  0*(  3)-(10 - 17)*86 *99+  ( 68) * (( ( 9 )/4  )+(  (  55 )  )  ) +  ( 18)  +  30)* 62)  )
119417 (99-32 ) + 50*(  77)  *(  31)
0 (  50)/ 52/60*  96
63 63
75 75
9 (  9 )
5 (  56/ 11  )
55 ( 55  )
4086 (  97)/  32-  33 * (24)+(( ( (86+ 21  -((  8))  / 75  - ( (32) ) )  )  )  )* ( 65  )
19 19
0 (  (  (  ((( 50  +(6)  -  ( (66 )  ) *  ( 71 )*  95) *  (  97/ 53/3) )  )  ) ))
4294967273 44 - 67
73 (( 61  +  (12  -( 24  ) /  40 )  )  - ( 0  ))
91 91
52 52
54 31  +  23
99 (  ( 99)  )
398 ( 52 )/(54 )  *  40 * (  (((  (  8  )))  )  + (37)+  ( ( 81  /( 77  )) )  + 10 )+((9 ))*  83  * (16 )/  30 - ( 35/83  )/ 63
28 ( 28 )
10 10
15 ((  15)  )
25 (  25  )
28 1+  ( 27 )
36 ((  (36 ) ))
22 ( 22  )
90 (  94  +  (  14 ) - ( (  91 ))  / (  5 ))
128 25 +  (25  )+98-  ( 30 / 21  -((93)  )/((23 )  *  76 )/  35  +52 -((65 )-  (  ( 32) ) ) )
7 (  (  7)  )
2 97  / (33)
56 (  ((( 57 )/ (  (  84 )) +  56)) )
4294967239 (  (  53 - (31)-  79) )
4294967251 9 -54
40 40
31 ( (31) )
0 ( ( (84  / (58 )  /  33  )) )
248 (  (  ( ( 4 )  ) )  )  *( ( 62  ))
33 33
18 ( (45- 19)-  (  ( 8)) )
5 ( 5)
17 17
4294958979 ( ((  6) -  ( 29  * 89  +17 * 79)  -  53*83) )
4294967235 (  (  28  ) ) -  89
23 23
40 5 /  (73) +(  40  )
2462 ( 20  +  (33 )* 74  )
0 (  8 /80 )
78 (78)
58 (61 +  ( 22 -  (  83) ) /  18 )
46 46
12 (  12 )
8 (8)
82 82
46 ( ( 46) )
3 ( 44/  12 )
110 27 + (  (  ((  ( (90  ) )  )) ) -7  )
4294967273 18 -  (  41 )
67 67
1 91/(  63)
60 ( 11 +  48 +(  73) / 54  )
66 (  ( (  ((66  ) ) ) ) )
67 67
0 0
39 39
17 89/(  5)
179 99+  80
6 6
58 58
95 (( 80+  (  (  (( 15 ) +((( 7/5 )/((86 / 21 ))  /45)  ) )  ))  )  )
96 (  96)
79 ((((  ( 79  )))  ) )
190000 ( 25) * (  (80)-(  (  ( (((  (  33  ) )  )) * (  (  (36 ) )  ))/  ((73)) /  37  )  )  )*  95
4294966007 (46 -  55  - 16 *  ( (  80  ) ))
72 72
30 30
99 99
13 13
7 7
6 ( (  76) )  / 11
69 67  +  2
38 38
34 ( 5 )+29
20 20
32 32
4 ((4))
99 99
54739 (10 )  *  60  *  (  91 )+ ( 49  )+ ( (  90  ) )
40 40
0 17 / ( 12-  69)
90 ( (90) )
61 (  61)
59 59
9 9
104 ( 25 +  ( ( (84)  -(5 ) )  ) )
25 25
71 71
33 33
49 49
1342 10+  74* 18
2116 23 *92
43 ( ( 43))
74 74
2 (  ( 33  -(  (71)  ) ))  +40
114 ((  27 ))+ 87
18 18
0 0 / 88
80 (80)
426800 55* 97  *80
129 (  75  +  54)
35 35
114 (  76+38  )
72 72
49 49
18 18
96 (  (96 ) )
37 37
28 28
10 10
74 (  90  -  (  16))
80831 ( 79*(  33  )*(  31  ))  +14  +(18 /94)
1002 34 * (33 ) -  (59 ) - (  61 )
339 ( 53 )  * 6-49+ ( 70)
57 (  57 )
50 50
21 ( 21)
75 (74  + (  ( (  ( ( 88  ) - ( ( (  50)  ))  )  ))) / 48+50 /  34  )
0 ((  83))  /  (( (  (( 5+76)  ) ) ) *  (  (  ((59  )  )  ) )  - 73  )
31 31
6 (47 - 99 / ((55 ))  * 27  /  (( 44 ) ) )+  47 - 88
58 58
38 38
20 20
3902 (  96* 42)- 84 / 29+  84  /(  ( 9  ) ) -( 66  )  - 71
2692 ( 16 )  * ( ( 63 ) ) *  (4  )  -(  (  24 )  )+ 27  -  79  *  17
4294967280 ((  20 ) )- 83- (11/50)*  43  +  (  (  47)  )
32 32
81 81
114 98+ (41  /(( ( (  (  32)  +20*( 54  )  )) *69 *  35 /  (  78  -  (59  ) / 79)  -(  ((65) ) )  )) +  ( 53)  -  37)
14 14
74 74
48 48
132 (  ( ((  82  - (7) )) +57 ))
71 71
87 ( ( 87  )) - 75/(9  )  * ( (6) ) * ( (1 /45  ))
72 (72)
2 52/  21
54 54
38 (  38  )
36 (  ( 36)  )
16 16
45 45
23 (  ( 80/  (65)  / 49 - 37  +40 *  (((  (14 - (48  -88 /  99 * 42 )  /35))  *79)  /66  + 30 + 10 ) )  / 93  )
24 24
46 46
24 24
29 (29 )
5505 (  92 )  /69 + 16  /76 +  (  64)*86
19 19
34 ((( (  (  17)  )))  ) +  17
62 62
63 63
1 42/30
52 52
1 ( (  ( 1)))
64 64
75 75
3669 90  *(  41  )- 21
0 (36) / 83
0 (45 /( 68 )  )
25 47-22
70 70
51 ( 51)
75 75
4294967273 72  -( 59 + 78- 42  )
118 47  /20* 59
4294967239 ( 11- 69+( 48) /  42  )
4294963772 ((  (( 81) ) +  89 ) - (34  )  )  /(  78) -  1 / ((  (  (  ( 44 )  )  - 15+  ( (  46)  ) )  ) ) -(80 *  ( 44 )  +5 )
61 ( 61 )
97 24+13  *  ((11))  -((70 ) )
73 73
11 ( (  87  -97) / ( 91  ) )*  21 - 11 +  ( (  (69  )  )*  ( (  (3 ) )  / 58))-25+ 47
83 83
30921 (  7  * (  47  )  ) +  (7  *(0  )  + 43* 10 *  71+62  )
4294967072 5-((( ( 65+77  )) + 87 ) )
8 (  (  18 )-  10  )
41 41
55 (  31  ) /73  +  55
42 42
4294967258 56- 94
60 60
2002 8*  59  /( 3  ) +  41  *  45
4648 ( (  83) *  56  )
56 ((34+ (22 )))
6324 97 * (  65 )  +  ( 19 )
67 67+  (( 23/  ((  98  ))  ))
0 (( 12  )  / 93)
68 68
26 26
41 41
2444 94 *  (  26)
76 (76  )
46 46
4294967288 22  +28 -  39  /(29  )+(  15 )  -  28 -  44
4294967208 43  -  53  +  (  35 )- 27 - 86
77 77
7439 ((  ( (  ( ( (90 *  (97  )/ (  59 ))* (31 )- 46  ) ) ) ) / 53*(87)  ) +  ( 27  )  + 17)
7 7
67 ( 48/  83+ 39 +  28 )
98 98
5 5
55 55
21 21
44 (  44)
43 (68 )  +(  (  ( 4  ) +44  -73))
94 94
60 60
4294967279 ( 45  *  ( 33 ) -( (36)) *89 +  21  )/  (  98  )
0 76  / 89
40 (40)
54 81 -  27
54 54
59 (  59  )
20 20
20 (20  )
1632 17  * ((  96)  )
65 (65)
0 0 / ( (  22 )  - 31  )
97 ( (  28  ) *  ( (  62  ) )/80 - ( (81/(  ( 53 )  ) )  )-  1  + 78  )
93 93
41 (  41)
79 79
64 64
58 ( (58) )
3002 79 * ((38)  )
4294967268 5  - ((  33  ))
139425 ( 39 )*  (  55  ) *65
1 ( 95  / 95  )
60 ((60)  )
2 18 / 7
39 (  ((  39 ))  )
236 75-( 13)  / (  94+(( ( 83 ) +  ( (  (  76  )* 17+ (  89  ) ) )  )  ) ) / 4+ (87  ) + 74 -(4 -  72) /  78 /  70
97 97
7 7
25 25
36 (((( ( ((  36) ))) ) ))
45 45
45 45
89 (  (89 ))
63 63
68 68
170 5  *  34
22 22
17 (  17+50 * 0  )
52 52
34 34
882 49* 18
50 (( 83) -33  )
17 (  (17 ))
19 ((((  19) ))  )+(  (42) )  /61 * ( ( ( 28) ) + (( (70  ) )  )  )
2697 87  * ( 31  )
87 ( (99-  12) )
48 48
52 52
122 ( ( (92 +95  ) )) /84  *  61
0 ( 94/ 5  /  93/(93/  55))
156800 ( (  80 * 20  ) *(98 ) )
4294967263 (  43  -  76)
99502 86  *  89  *13
3 ( ( 64 ))- 61
33 33
273 (  7*39  ) *(  1 )
4294923627 (  71 ) -  18* (  (  90)* 27)
18 (( 18)  )
32 32
31 31
74 (  74 )
23 23
33 33
74 74
1 (84-  50)  /30
4294960436 ((  ((((( (( 74 )  )  )))  ) /  15 )*  91+ ((  ( 76)  +(51 ) ) ) ) /  ( 84-89) ) * ( 70 )
0 ( (  16 ))  / 59
66 ( 66 )
10 10
95 (95  )
66 66
6482 (  85  *77 )-  ( 63  )
43 (43  )
49 49
33 33
2 (74/28 )
39 39
13 13
62 (62  )
0 (( ( 11 /  79 ))) /  (  (  27  )  )
47 46 -  95+(41  )-  38+95 - 2
21 ( 21 )
89 (  89)
0 (34  )/84
23 23
78 78
29 ( (  29 ) )
80 80
0 0
4294967275 0 - 21
91 ((  91  )  )
4294965932 (48 ) - ( 92 * 16)  +  ( 60)
4294967220 ( (75)  ) / 98- 76
44 44
21 21
21 21
79 ((  (79 ) ) )
62 (62 )
4294966095 6  -  ( 71  * 17 )
89 89
12 12
3350 (  67  )*  (50  )
88 (44  )* 2  +  (  8-  74 )  / 97
4294639643 (2  - (55 )+(  22  )  /(((73  ))  )- 52  * 20*15  *21)
10 10
90 90
5 5
55 ( 55)
4025708213 (  37+  ( 4 ) /(( (83 )  )) ) + (  ( 65) +99 )  *59  * ( ( (  74 )  ) )* (73  *(  52) *  ((  ( (  ( 71))  )))  +( 34  )  )
4294967290 2 - 8
26 26
185 ( ((  93 +92 ) ) )
65 (  65 )
4294967226 (  (  (  (( (( (61)/  ( 83) ))) )  )  )-70  )
1 4-(30)  + 27
183060 ((( 33)* 68)+ (  16)  )* 81
34 34
29 (  29  )
90 90
4294967294 7- (  9  )
78 78
4294967249 19  /( ( ( (( ((  22 - (  (  (95  )  ) )) ))))  ) ) - 47
4294967263 ( ( (  (40 )  ) - (  73  )) )
53 53
43 ((43) )
4294403304 ( (  (( (  ( ((88 ) ) * 32  ))  ) - 19*  ( 55  ) *  12+  (  (16)  )/(  (  43)  ))  ) )*58
29 29
4294967268 (( 57 )  )-  ( 84 )  -  ( ( 59  )/(41  )  )
0 ( 32)/ 36
0 ( 39 / 66)
50 50
31 31
1217 89 *  ( (  (  41 ) )  ) +  (  0  ) *  68-  51  *(25)  -  (  60  -  47  )*(89 )
75 49  /  93 + 75
4294958948 (((  12)) -  ((( (  92) )/  ((  35-  80  )  )) )/  24-  88 *(  95  )  )
88 86  +55 / 23 + (( (18  )*( (25/  (14+66  /  13+( (22) )-( 60 +  75  -  (((67)  ) ))  )  ) ) ) )
99 99
22 22
31 31
4291003537 ( (  71  - (28 + 15 )  * (50  *28  )+  6 *  98 /(( 8  ))  )  ) *  66  -55+ (  37 -( 45) )
47 ((( (  (  ((58 )  )  ))/  16)  )+ ( 52)+55- (  (99  ))  )  /86 + (47 )
56 ( ( (56) ) )
83 (  ( 83  ))
1 ( 99)  /96
32 (  77 )  - (45  )
4294967274 (  ( (( 60  )  -  82)) )
2758415 (29* (  (14  )  ) * 86  *79  +51 -  (  (  (74  -  (29)) )  )*  42 / 75/ 95*63 -  (90 /(( ( 62 ) )  )  )+ 62/  (  47) )
58 58
2404781124 (21 * (4) *90  *  81 *((( 47  *(27  )) )  )  -  (66 ) )  *( 86 )
7330 (( (  81  / 68  )  )  -  (  ( 96  /53 * ( (  (  ((  28  /63  -  78)  )  )  ) ) ) ))  *( 92 )+62
40 ( 40)
0 (  26) /  ( 73  )
928 ( 26 +( ( ( 17  )) ) )  *22 - 33 +  (15  )
79 79
77 (77)
45 45
41 41
13 ( 13  )
4294967041 (  ((  65*81 )  /(  37  -83)-  23  ) -  (  52 +  (  66) +  (70 ) /  74 *( 66) ))
85 ( (  85  ) )
78 78
2019 (14  - 35* (  ( (  55  *( ( 58)  -(31  )- (56)+(  (  1)  )-  (  58 ) ))  )))  / ( 82  )
4294965678 ( ( ( 90 ) -30 )  -( (  90 ) )  -  (  78)  * (  22  - 56 /(35 )  ) ) +  50
4029431376 (  31  )  *  73/ 24  / 51  * ( ( 85 ))*  (46  )*  (  ( (35)  -((((  37)-  ( (  79)/ ( 57  /7  )) )  *54  )*  (  45)  - 93 )) )
4294967242 (  ((  21 *  (  (  48 /  18  /  48 - 89  ) ) ) /34  ) )
161 ( 23  * 7 )
7 7
4294963754 23-( 60+ 55  ) *( 31  )
28 28
81 81
73 73
106857 81*  15 * ( 88  ) - 63
95 95
4294967247 (  (  72 /1  /( (( 36  )  - 38 /82 ))  ) )-  ( 51 )
15 ((  93 )  )  / 6
235152 88*  61 *58/ ((  (10  ) )+84 )*  ( 71 )
53 53
60 60
80 (  80  )
42 42
36 (  (  36)  )
78 78
87 91-  40/ 10 +  30  /((6  ) *  ( 55 *  (  ((6 *  ( 50+  (89  - 69))  ) )  -77 )  ) )
13 13
43 43
66 66
47 47
68 (  68 )
25 25
88 88
14 14
83 83
1242 46* 27
18 (  75  /  4 )
33 (  (  (  92)  -  59 ) )
42 42
55 55
36 ((( ( 36 ) )  ))
51 51
22 22
91 31  /(  (59 ) ) +  91
57 57
0 92  /97*(75  -  ( 22  )  )
67035 (34  *47/ (  (  2 ) )  )  * 84 -(  81  )
9 ( (9 ) )
7857 81  *  97
37 37
30 ( (  30) )
4294967285 ( 47)/  82  + 11  - 22
4294967277 52  -  (71)
69 69
40 40
35 ( 35 )
1512 ( 42 *  36)
64 (  (44  ) *  (((46)))/  ( 46)*90/ ((  (  10)- (22 +83 )/14  /11 )/  61  /( 39  )+ 22 * 43  )  *  16  )
21 21  - ( 72  ) *  70 *(  (92) /  ( 71*79)  )
4294967286 (  (60  *( 90 ) *( 89  -  ( 1 )+  ( 3)))  )  /  (  ( 10 +8/  (64  )) - (68  )  * (( 13) )*54 )
2294 ( 68) * (  33  )+( 50) + 2  /  19
97 (  97  )
4294955726 78 /  5/ 92  / ( 28)-(  (( 20  ) ) ) * ( 91  )/  14* ((  (( ( 89)  )) ))
49 49
51 (  51 )
75 ( 75)
81 81
49 49 *1
2 2
44 ( ( 44  )  )
1711 59* 29
4294967277 (  ( 19) ) /  ( (( ( (  19  ) - 16 +95  -61  /(70 ))  -71)  ) ) +38  - 57
16 16
1 78/ 60
77 77
4294967217 0-  79
450 6  *  75
10 10
0 0
4294967262 40  -  (74  )
13 13
1767 31 *57
152 73/ 85 -((  ( (  (62  ) ) ) ) ) +(74 )  +  50 -((  ((( ( ((  10 ))  ))  )  )  )  *  37 / 12  / 63 -  ((  ( (( 90) )) ))  )
51 51
29526 84/  67 *(41 *78  /  8 * ((  68+(  ( 6 ))  )  ))
8 8
0 68  * ( (( ((  15 )) /  63  )*  ((((  91+ ( 21 ) - 99 +13)  ))  )))
22 22
103 (  (31+ (1 )  +  71))
5 (  5)
19 19
18 18
42 (  ( 42  )  )
88 88
58 58
20 (  (  ( 19  ) )+(  ((  (  1  )))))
6 6
58 58
30 30
49 49
41 41
31 31
85 85
43 (43  )
4294967269 ((  (74-  10  - ( ( 8  )))  )  )-  83
11 93/  8
72 (((72  )) )
14 (  (  (  35  +  21  *  ( ((38 ))  )/ (73)*56)/  42  )  )
65 65
3345 81  +96  *((  34  ) )
2 (2 )
1 1
0 0  *( 66  )
2695 35  *  (94 -17)
58 58
2 (  2)
41 (  (  41  )  )
96 96
85 85
570 ( 31  +  (7 *  77)  )
20 20
56 56
60 60
13 13
192 ((49)  +(59+  10 +72)  )  +  (2 )
3431 ( 73* 47 )
3 (3 )
86 ( 86 )
33 33
176 8 *  22
86 (  87 ) -( (46  )  )  /(50) -41 / 31
36 36
4294967232 (  (( 87  + 11 +31 ) +  (  (  (48))  -  5 -  23- 97 +(( 10 )  )) )  - ( ( 97  ) )  -  29  )
77 ( (  77  )  )
3 (3/((40  ) )  -( 45  - 80  )*( 9 ))  / 12 /  7
86 86
60 60
20 ((  80  ) )  -  60
41 41
78 ( 78 )
69 69
0 (((0 )  ) )
190 (  84)+((76  ) )  +  30
12 12
8 ((  ( (  40/  37 )  -( (  (36  ))  ) / ( 7) )+(12 ) ) )
14 14
67 67
21 21
58 58
510 (85  ) *( 6  )
173 87 + 86
34 (34 )
4294959041 ( 61 )  -( ( 99 ))* (  84)
18 18
4294967263 15-48
139 (68 + ( 71)  )
80 ((  ( ( (17  )/  5 ) )  ) ) +  77
52 ( 50)  + (2  )
40 40
57 57
51 (  51  )
20 20 +  (  61  ) *  (  ( 4  ))  /  79  /  29
75 75
21 (  (  21) )
49 49
46 46
97 33  + ((64))
21 21
72 72
4294967278 47- (65  )
66 66
4294967252 (  (  34-( (63  )  )  * (  ( 45)  ) /30 )-  ( 66  - 82 ) )
83 83
27 27
37 37
34 34
3 (  ((3)  ) )
16 35  -  (  19 )
89 (89)
73 73
4294967239 (  ( ( ( (  45 ) ))  + 77 )  +54  )  / (  41*(30) )-  57
89 89
4294967204 ( - 92)
63 ( (  63 )  )
84 (84)
109 51  +  58
784 51 * 29/ 5 -7 +25* 4 +  66 * 6
12348 ( ( ((  98  ) )*(81 + 45  ) ) )
57 (  (  ((  (18  ) )))+39 )
47 47
142 (  83 +77- ( 18  ))
25 25
22 (  (  10/  48  * 71  )  )+( ( ((  22  )  )  ))
53 53
0 1  / (52)
1025 ((  41*25  ) )
4294967271 ((55  -74 -  41 *( (  (  (  49)  /  65)+14)  - 4  )/  60  ) )
68 (( 68  ) )
2662660 (  22 )* 13  *  (  95)  * 98
98 98
4294967262 6 -(40 )
10 10
96 (  ( 93  -( 30 /  45 ) -  (  (11 -  27) ))  -76)  + 63
23 23
0 ( ( 47/91) )
62 62
0 (((53 )))/( 79 )
93 93
83 83
19 19
19 19
0 51/ 6  -  8
81 81
7148 (((  (  4  ))))  + ((92 )  -  ( 62) )  *8  *30 -56
84 84
86 (86)
35 35
4294898020 ( (40))- (  26*31*(86  )  )
63 63
120 69  + ( ( (  51)  )  )
76 (  (  76 ))
4294967255 9 -(98  + 73 +76-(( 70 )) +  2)+( ( 33  )  ) -( (  ( (41 -  ( 30 *19  ))  )) /(  80))*(  16  )
14 (14  )
86 ( 86)
576 (  32  ) * 18
57 ((57  ) )
45 22+( ( 23  )  )
27 27
14 14
94 94
16 (16 )
76 76
70 70
56 56
29 (29  )
38 38
85 85
67 ( ( 67) )
21 21
71 71
51 (51 )
211 (  (  (  (  65  )  )) ) +  80 +(((69  ) ) ) - ( (  56 -  35)) / (  ( 7  ) )
70 (  70 )
58 (  58)
1 46/  45
29 29
30 30
97 97
1 (  (  74/ 54)  )
15 15
24 ( ( 24  ) )
80 ((8) /  ( (  32 ) +  13 ) / 60 /  15  /(30)  - 15 +95)
76 (  (  76  ))
102 ( 72- 69 +99)
150 75 +5  * (  1  )* 15
50 50
55 ( (  90-35 ))
4509 ( 65  )*  (69)  +  (  24  )
31 31
46 46
41 41
78 78
96 (( 96))
7 7
77 77
0 14  /( 32  )
72 72
88 88
18113 3  *  ( 73 ) *83 -65  + ((87))/  (  (( 73)) *  20 ) /  24+ ( ( (  (  1 )) ))
4294967283 83-  ( 73-  (((  (  51 )  ) ) )  + 28+ 32 / (  84)-(  28 ))-  74
74270 ( 65) + 51  * (32  )  -27 +55  *  ( 88 )  *  ( 15  )
4294823214 (  13 )  -  21 -(  (87 *( 72  ))  )*23  -2
36 36
83 83
44 (44 )
4294967254 (30 -((  82  )  -9 -  62 )/ 40-79 +7)
0 62 /89
114 43+71
34 34
75 75
57 57
57 57
4294967205 1  -  ( 43 ) +  24 *  8  / (  (25  ) )-56
30 (  (  (  ( 30  )))  )
59 59
46 (  (  64) - (  18  )  )
163400 (  ( 86* 20 )  ) *(  (95  ) )
31 31
3 ((  32  )/ 9 )
58 (58)
21 21
0 (  0  )
37 (  37 )
0 3  /36
6 (6)
66 ((( 66 ) )  )
18 (  18  )
6370 (70  * (  91) )
4294957163 ((  (81  )+  ( ( (9 )*  ( 28-( 26 ) *58+  ((59  -50))  ) * 53  +4+ 57  *45 ) )  )  /  70  )  -  88  -60
4257786880 ( (  94*  24*3  /  88 * ( (  6 / 21  - 96 ))  ) *  91  *  56 )
